<?xml version="1.0"?>
<opencv_storage>
<calibration_Time>"Mon Jun 25 15:02:38 2012"</calibration_Time>
<nrOfFrames>25</nrOfFrames>
<image_Width>640</image_Width>
<image_Height>480</image_Height>
<board_Width>9</board_Width>
<board_Height>6</board_Height>
<square_Size>50.</square_Size>
<!-- flags:  +fix_principal_point +zero_tangent_dist -->
<flagValue>12</flagValue>
<Camera_Matrix type_id="opencv-matrix">
  <rows>3</rows>
  <cols>3</cols>
  <dt>d</dt>
  <data>
    5.4245702672918162e+02 0. 3.1950000000000000e+02 0.
    6.3509932256215575e+02 2.3950000000000000e+02 0. 0. 1.</data></Camera_Matrix>
<Distortion_Coefficients type_id="opencv-matrix">
  <rows>5</rows>
  <cols>1</cols>
  <dt>d</dt>
  <data>
    -4.6513598876346329e-01 4.5634904906516960e-01 0. 0.
    -4.0222884479731991e-01</data></Distortion_Coefficients>
<Avg_Reprojection_Error>1.4622973528820966e+00</Avg_Reprojection_Error>
<Per_View_Reprojection_Errors type_id="opencv-matrix">
  <rows>25</rows>
  <cols>1</cols>
  <dt>f</dt>
  <data>
    1.23998332e+00 1.28157532e+00 1.20373869e+00 1.24340010e+00
    1.48149920e+00 1.49662256e+00 1.85127866e+00 1.90826857e+00
    1.54757726e+00 1.51740015e+00 1.40684175e+00 1.46825385e+00
    1.47949791e+00 1.39548147e+00 1.42110181e+00 1.46408260e+00
    1.48183405e+00 1.41652644e+00 1.41865087e+00 1.36615813e+00
    1.38715327e+00 1.50178826e+00 1.44471109e+00 1.45623791e+00
    1.47608685e+00</data></Per_View_Reprojection_Errors>
<!-- a set of 6-tuples (rotation vector + translation vector) for each view -->
<Extrinsic_Parameters type_id="opencv-matrix">
  <rows>25</rows>
  <cols>6</cols>
  <dt>d</dt>
  <data>
    4.6203226799225269e-02 -2.5295385710578933e-01
    5.6122175363531368e-02 -1.9012576549503873e+02
    -1.3004618614390114e+02 4.4269521402519439e+02
    3.6484344928168842e-02 -2.1542292961645435e-01
    7.7705764385089957e-02 -1.9051708409985466e+02
    -1.2324245719446805e+02 4.3117822301939339e+02
    1.6073722222201318e-02 -2.5046060340463799e-01
    1.1271366179308526e-01 -1.8280920683076462e+02
    -1.0864513040368971e+02 4.3593523779322146e+02
    7.4826649442615040e-03 -2.3307842205636850e-01
    1.3366900033782814e-01 -1.7329864893996861e+02
    -1.4361936376454477e+02 4.2666578019733652e+02
    7.5054180732122139e-02 -2.5071157008485961e-01
    -6.7976700028635683e-03 -2.1227032347202521e+02
    -1.1266660048029395e+02 3.9169179339711678e+02
    7.2693301468340354e-02 -2.5520598597085314e-01
    -6.8407624203776964e-03 -2.1475404193597842e+02
    -1.1191290275544837e+02 3.9165186697340226e+02
    3.6526702817647964e-02 -1.6696364532772082e-01
    5.8201193107983426e-02 -1.6090241536329924e+02
    -1.1062112834380818e+02 3.6169876159963917e+02
    3.5552768170101307e-02 -1.8061473977845088e-01
    4.0600021557387275e-02 -1.7209697280413062e+02
    -1.1489186159970993e+02 3.6734811402045261e+02
    4.6735051607725127e-02 -1.6405120896423475e-01
    6.9253593258787424e-02 -2.1596611678933812e+02
    -1.5160300118899917e+02 4.0490704586425198e+02
    5.8248344922609441e-02 -1.8805699714084595e-01
    2.0206065029179592e-02 -2.1562587619298594e+02
    -1.1121716697240100e+02 4.0951778784394281e+02
    4.2930802873240186e-02 -1.8719176774568319e-01
    3.4482877831071415e-02 -2.0174711254234384e+02
    -1.2680811656758526e+02 4.1752832865685326e+02
    4.3686079818317507e-02 -1.8719206513009631e-01
    2.0540201751045463e-02 -2.0993206538699778e+02
    -1.3164689114100995e+02 4.1743244115433970e+02
    4.3327003777230436e-02 -1.8846698769608344e-01
    2.1673466292444855e-02 -2.1103888582013076e+02
    -1.3181702129211698e+02 4.1865609044769366e+02
    3.8743965048648243e-02 -1.9486845884387713e-01
    3.0270687985094000e-02 -2.0226365453400280e+02
    -1.3356868525555092e+02 4.2316330982107655e+02
    4.0501512677442869e-02 -1.8829617636285625e-01
    3.0283631778997323e-02 -2.0307579632620744e+02
    -1.3153091403966712e+02 4.2073382405650938e+02
    4.1087658757373129e-02 -1.9293590105790040e-01
    2.5736823091570910e-02 -2.0482428746248200e+02
    -1.3206726627408597e+02 4.2053673354498022e+02
    3.8242015056748034e-02 -1.8760851773926271e-01
    2.8559353813196152e-02 -2.0300084162742451e+02
    -1.3098692009273628e+02 4.1996477314135342e+02
    3.6475696767678450e-02 -1.9060929004038685e-01
    3.0778681255993028e-02 -2.0283055985198789e+02
    -1.3340515947159651e+02 4.2286776229557137e+02
    3.2633078977869101e-02 -1.9246694579906157e-01
    4.1621872219114793e-02 -1.9254162983867502e+02
    -1.3341560822665289e+02 4.2314563726389008e+02
    3.1507383904663427e-02 -1.9320545630714783e-01
    3.8665763454098258e-02 -1.8938079459961403e+02
    -1.3591169556400268e+02 4.2570069579956782e+02
    3.0077188749774646e-02 -1.9875892757784430e-01
    3.9644758458819131e-02 -1.7197436013406784e+02
    -1.4084929697871934e+02 4.2827024858116943e+02
    3.3059723287954659e-02 -1.8666614703039849e-01
    9.1125984462973583e-02 -1.2453381072851901e+02
    -1.1589547389169871e+02 3.9520393606602818e+02
    5.5191067864157985e-02 -2.2308814442628738e-01
    6.8615289750257102e-02 -1.2471865675894131e+02
    -1.3001208115241471e+02 3.9915686745372096e+02
    6.0227992838690021e-02 -2.3010072589080116e-01
    7.1326507363669078e-02 -1.2311203305268116e+02
    -1.2840769966318663e+02 3.9908676015932616e+02
    9.2193418620410458e-02 -2.5641957833826573e-01
    5.7600562653305765e-02 -1.1441414795050828e+02
    -1.1746278518865692e+02 3.8777277538599259e+02</data></Extrinsic_Parameters>
